300
lefteye_x lefteye_y righteye_x righteye_y nose_x nose_y leftmouth_x leftmouth_y rightmouth_x rightmouth_y
000001.jpg 69  109  106  113   77  142   73  152  108  154
000002.jpg 69  110  107  112   81  135   70  151  108  153
000005.jpg 66  114  112  112   86  119   71  147  104  150
000008.jpg 71  110  106  111   84  137   73  155  104  153
000010.jpg 68  111  108  112   89  136   70  151  107  151
000019.jpg 68  111  108  112   88  134   73  152  104  151
000020.jpg 69  112  109  110   86  125   72  152  103  151
000024.jpg 67  111  109  113   84  123   72  149  106  152
000027.jpg 70  112  107  110  101  138   70  155  105  151
000032.jpg 72  111  106  110   88  133   75  153  101  155
000035.jpg 69  111  108  111   88  135   73  152  104  152
000038.jpg 69  112  109  111   93  137   68  151  109  152
000040.jpg 69  112  108  111   89  139   73  152  103  152
000042.jpg 68  112  109  112   92  138   68  152  109  150
000043.jpg 68  111  109  112   90  136   67  150  110  151
000044.jpg 71  110  106  111   87  137   73  153  105  154
000045.jpg 69  112  108  111   86  140   68  151  108  152
000048.jpg 70  113  108  110   81  125   74  154  100  150
000049.jpg 73  107  102  111   76  139   78  157  102  156
000050.jpg 68  112  109  111   93  139   66  151  110  151
000055.jpg 69  111  108  111   86  133   73  151  104  153
000056.jpg 69  111  107  111   97  133   74  152  103  152
000062.jpg 69  111  108  112   87  137   72  153  105  151
000063.jpg 68  111  108  113   82  142   66  150  112  152
000064.jpg 68  111  108  112   88  132   71  151  106  152
000071.jpg 68  111  109  113   85  138   71  151  108  151
000074.jpg 68  111  108  113   88  124   75  153  103  150
000075.jpg 70  111  107  111   80  129   73  152  103  153
000077.jpg 68  111  109  112   83  138   69  150  109  152
000078.jpg 66  112  111  113   90  126   70  149  107  150
000079.jpg 70  111  107  111   80  139   73  153  103  152
000081.jpg 69  112  108  111   95  136   68  153  109  150
000083.jpg 68  112  109  112   87  138   69  150  108  152
000085.jpg 68  111  108  112   85  139   72  150  107  152
000087.jpg 69  112  108  112   93  140   66  152  111  151
000088.jpg 71  112  107  110   81  134   77  153   98  154
000091.jpg 69  111  108  111   88  139   73  152  104  152
000093.jpg 66  112  111  113   87  126   72  148  105  150
000099.jpg 68  112  109  112   90  138   66  151  111  150
000104.jpg 68  111  108  112   87  138   68  151  110  152
000105.jpg 68  112  109  112   91  136   73  152  104  150
000109.jpg 70  111  107  111   88  139   72  153  105  153
000112.jpg 67  112  110  112   86  136   65  150  112  150
000115.jpg 72  111  106  110   87  135   74  154  102  154
000117.jpg 69  111  108  111   83  131   72  153  105  151
000122.jpg 68  112  109  112   86  137   67  151  110  151
000123.jpg 70  111  107  111   84  134   72  152  104  153
000128.jpg 69  113  109  110   94  140   68  154  106  149
000129.jpg 69  111  107  111   86  140   70  152  108  152
000134.jpg 70  108  105  113   75  137   71  153  110  154
000138.jpg 69  110  107  112   89  128   70  153  109  152
000142.jpg 70  111  107  111   90  137   74  153  102  153
000144.jpg 72  109  105  111   76  133   77  154  101  155
000148.jpg 73  110  105  109   98  134   75  157  101  153
000150.jpg 71  112  107  110   90  137   75  153  100  153
000156.jpg 68  111  108  112   81  136   69  151  109  152
000160.jpg 70  111  107  111   88  140   73  152  104  152
000161.jpg 68  111  109  112   85  134   69  151  109  152
000163.jpg 69  112  109  111   81  132   73  151  102  152
000164.jpg 71  111  106  110   85  131   72  154  104  153
000171.jpg 70  111  107  111   95  138   73  152  104  154
000174.jpg 68  111  108  112   86  139   67  151  110  151
000175.jpg 68  111  108  113   81  143   69  149  110  153
000184.jpg 71  108  104  112   71  140   78  153  102  156
000186.jpg 71  112  107  110   77  135   72  152  103  154
000194.jpg 69  111  108  111   78  135   67  152  109  152
000195.jpg 70  112  108  111   96  133   70  152  106  153
000206.jpg 70  110  106  112   74  136   72  153  107  153
000208.jpg 67  113  110  112   89  141   69  149  107  151
000214.jpg 69  112  109  111   89  139   68  151  109  152
000218.jpg 69  112  108  111   95  133   70  152  106  151
000223.jpg 71  111  107  110   89  141   68  152  108  154
000231.jpg 69  112  108  111   85  125   73  152  104  151
000239.jpg 68  112  109  112   88  137   65  151  111  151
000251.jpg 70  109  106  112  101  129   76  153  103  153
000254.jpg 67  112  109  112   89  136   65  151  112  150
000257.jpg 70  111  107  111   81  131   74  152  103  153
000258.jpg 68  112  109  111   87  135   72  151  105  151
000259.jpg 71  112  107  110   92  138   70  153  104  152
000260.jpg 69  112  108  111   95  139   72  153  104  151
000273.jpg 68  111  108  112   84  133   70  151  108  152
000274.jpg 68  112  109  112   89  134   65  151  112  152
000277.jpg 68  112  109  112   86  140   66  150  110  151
000279.jpg 69  110  107  112   79  139   73  153  106  152
000289.jpg 70  111  107  111   84  137   72  153  105  153
000295.jpg 69  109  106  112   76  130   75  151  105  154
000301.jpg 68  112  109  112   89  137   66  151  111  151
000308.jpg 70  108  105  113   97  128   77  151  105  156
000315.jpg 69  110  107  112   89  132   76  153  102  152
000320.jpg 70  111  107  111   82  138   74  153  103  153
000324.jpg 69  111  108  111   89  138   70  152  107  152
000327.jpg 68  112  109  112   92  142   70  152  107  150
000333.jpg 70  112  108  111   87  134   69  152  107  152
000346.jpg 72  111  106  110   91  138   73  154  103  154
000349.jpg 69  111  108  112   88  134   71  152  107  151
000352.jpg 68  111  108  112   90  134   67  150  110  152
000362.jpg 69  111  108  112   89  133   73  152  104  151
000364.jpg 68  112  110  112   87  133   67  150  109  151
000382.jpg 67  111  109  113   88  136   65  151  113  151
000388.jpg 68  111  109  112   90  131   70  151  108  151
000391.jpg 67  112  110  112   82  135   67  149  110  151
000392.jpg 70  111  107  110   91  136   71  152  105  153
000397.jpg 69  112  108  111   93  139   71  152  104  152
000407.jpg 71  111  106  110   73  132   70  153  106  154
000409.jpg 72  110  105  110   78  132   74  154  102  154
000411.jpg 69  111  107  112   84  136   64  152  114  153
000414.jpg 70  111  107  111   89  135   73  152  105  153
000416.jpg 68  111  108  112   90  134   72  151  106  151
000417.jpg 82  107   96  104  110  133   81  164   93  162
000430.jpg 69  111  108  112   88  141   71  152  106  152
000442.jpg 68  111  109  113   90  137   73  152  106  150
000445.jpg 71  111  107  111   82  128   74  153  103  153
000449.jpg 69  112  109  111   92  141   72  152  104  151
000453.jpg 72  110  104  110   75  132   77  154   99  156
000454.jpg 75  113  105  106  114  136   69  156  102  155
000456.jpg 68  111  108  112   90  135   69  152  109  151
000460.jpg 73  112  106  108   79  125   75  156   98  154
000463.jpg 69  111  108  111   81  133   73  153  104  151
000466.jpg 69  112  108  111   88  137   73  152  104  152
000472.jpg 67  112  110  112   87  135   69  150  108  150
000473.jpg 70  110  106  111   90  131   76  153  102  153
000475.jpg 69  112  109  111   91  130   68  151  108  151
000479.jpg 71  111  106  110   86  137   72  153  103  154
000481.jpg 69  111  108  112   88  143   73  151  105  153
000488.jpg 68  111  109  112   91  136   75  151  102  151
000493.jpg 67  112  110  112   87  132   69  150  108  151
000496.jpg 67  112  109  112   87  140   67  150  111  151
000497.jpg 68  112  109  112   89  132   68  151  108  151
000500.jpg 70  111  107  111   82  135   73  152  104  153
000504.jpg 67  112  110  112   89  139   65  150  112  150
000506.jpg 67  111  109  113   83  138   68  149  110  152
000507.jpg 70  110  106  111   93  134   74  152  104  154
000508.jpg 67  112  110  112   90  141   65  150  112  150
000510.jpg 69  111  108  111   93  136   72  152  105  151
000513.jpg 67  112  110  112   87  134   71  150  107  151
000519.jpg 67  111  109  113   81  140   68  149  111  152
000523.jpg 68  112  109  112   86  140   67  151  110  150
000524.jpg 68  110  108  113   79  140   69  150  110  152
000527.jpg 70  111  107  111   89  133   72  153  104  152
000528.jpg 68  112  109  112   84  136   69  152  108  151
000545.jpg 69  112  108  111   90  137   70  151  106  152
000548.jpg 69  111  107  111   89  137   72  152  105  152
000553.jpg 68  113  110  111   91  138   69  150  106  150
000556.jpg 67  112  110  112   86  138   66  150  111  151
000557.jpg 70  113  108  109  100  140   71  154  102  151
000558.jpg 70  111  108  111   93  137   70  151  107  154
000561.jpg 69  112  108  111   92  135   65  151  112  152
000566.jpg 68  111  109  112   87  134   71  151  107  152
000570.jpg 70  111  107  111   87  135   75  153  102  153
000572.jpg 69  111  108  111   93  136   69  153  107  151
000580.jpg 70  112  108  110   95  138   73  153  101  152
000582.jpg 70  112  108  111   97  134   68  152  108  152
000583.jpg 67  112  110  112   90  142   66  150  110  150
000587.jpg 70  112  108  111   86  138   72  152  104  152
000589.jpg 67  113  111  112   90  139   66  149  110  150
000590.jpg 68  111  108  112   82  137   71  151  106  151
000591.jpg 71  111  107  110   90  135   74  153  102  153
000598.jpg 73  111  105  109   76  128   77  155   98  155
000606.jpg 69  110  106  112   99  127   75  153  104  152
000607.jpg 70  111  107  111   93  134   73  153  105  153
000610.jpg 69  111  108  112   82  138   69  153  108  151
000612.jpg 71  110  106  111  101  132   77  154  101  153
000628.jpg 66  113  111  112   89  132   62  151  114  148
000631.jpg 67  112  110  112   85  137   66  151  110  150
000634.jpg 68  112  110  112   95  140   65  151  112  150
000640.jpg 70  111  107  111   83  137   72  152  104  153
000643.jpg 67  113  111  112   89  141   63  150  113  149
000651.jpg 71  112  107  109   94  135   74  154  100  153
000652.jpg 69  110  107  112   85  135   75  152  104  153
000653.jpg 69  111  108  112   91  133   73  152  104  152
000654.jpg 69  110  107  112   81  135   71  151  107  154
000656.jpg 68  112  109  112   88  133   72  151  105  151
000661.jpg 70  111  107  111   87  135   68  153  110  152
000673.jpg 68  112  109  112   90  133   72  151  105  151
000675.jpg 68  111  108  112   97  124   76  151  102  152
000676.jpg 68  111  108  112   86  135   70  152  108  151
000677.jpg 68  111  108  112   95  139   71  151  107  152
000679.jpg 67  112  110  112   88  121   73  151  104  150
000681.jpg 68  113  110  111   94  144   66  151  110  150
000689.jpg 69  112  108  111   97  129   68  151  108  153
000696.jpg 68  112  109  111   90  135   68  151  108  151
000699.jpg 68  112  109  112   94  133   72  151  104  151
000701.jpg 69  112  108  111   87  133   70  152  107  152
000705.jpg 70  112  108  111   89  132   73  151  103  153
000706.jpg 71  111  106  111   80  134   75  153  102  154
000708.jpg 72  109  104  110   84  133   79  153   99  158
000709.jpg 69  111  107  112   77  133   69  151  109  153
000713.jpg 70  111  108  111   82  140   67  151  110  154
000715.jpg 69  111  108  112   89  134   75  152  102  151
000717.jpg 70  111  107  111   89  137   74  153  102  153
000720.jpg 69  112  108  111   88  131   71  151  105  152
000722.jpg 68  112  109  112   82  130   68  150  109  152
000724.jpg 70  110  106  111   85  134   74  152  104  154
000725.jpg 71  109  105  111   69  135   72  154  106  155
000730.jpg 70  110  107  111   92  136   74  153  104  153
000732.jpg 69  111  108  111   83  134   73  151  104  153
000733.jpg 69  112  108  111   88  144   73  152  102  152
000737.jpg 67  111  109  113   88  136   70  150  108  151
000740.jpg 68  112  109  112   89  137   66  151  110  150
000741.jpg 69  111  108  111   89  135   74  152  103  152
000742.jpg 70  111  107  111   88  133   74  153  103  152
000743.jpg 69  111  108  111   93  134   70  152  107  152
000744.jpg 68  112  109  111   84  142   67  151  110  151
000751.jpg 71  111  106  111   80  132   74  154  103  153
000753.jpg 70  114  109  109   76  129   70  155  103  150
000755.jpg 71  111  106  110   89  134   72  155  104  153
000761.jpg 67  112  110  112   86  134   69  150  108  151
000762.jpg 69  111  108  112   88  139   72  152  105  152
000767.jpg 68  112  109  112   94  136   70  151  107  151
000771.jpg 72  109  105  111   76  134   72  154  106  155
000772.jpg 70  110  107  111   82  132   75  152  103  154
000787.jpg 68  111  108  112   85  141   68  151  110  152
000796.jpg 68  111  108  112   86  139   70  151  108  152
000800.jpg 69  112  108  111   88  140   70  151  107  152
000801.jpg 69  111  107  112   90  131   71  152  106  152
000806.jpg 69  111  107  111   89  134   73  153  104  151
000809.jpg 70  111  107  111   88  133   73  152  104  153
000810.jpg 71  111  107  110  101  130   69  155  107  152
000811.jpg 70  112  107  110   80  131   73  152  103  153
000826.jpg 69  112  108  111   84  141   71  151  105  152
000828.jpg 70  111  107  111   98  133   72  153  105  153
000835.jpg 69  112  108  111   83  135   71  151  105  153
000836.jpg 68  112  109  112   85  132   68  151  109  151
000837.jpg 68  110  108  113   80  139   72  150  108  153
000847.jpg 70  110  107  111   93  132   75  153  103  153
000851.jpg 69  111  108  111   89  134   69  151  108  152
000856.jpg 68  111  109  112   89  133   72  151  106  151
000858.jpg 69  111  108  111   88  133   73  152  104  152
000859.jpg 69  110  107  112   91  132   72  153  106  151
000864.jpg 67  113  111  111   92  141   65  151  110  148
000868.jpg 71  111  107  110   82  134   74  154  101  153
000869.jpg 68  113  110  111   81  119   68  152  108  149
000871.jpg 70  111  107  111   87  129   75  152  102  152
000874.jpg 66  112  110  113   89  141   68  150  110  149
000877.jpg 68  112  109  112   94  139   70  151  107  150
000880.jpg 69  112  108  111   92  141   70  153  105  150
000883.jpg 68  112  110  112   92  140   65  150  111  150
000884.jpg 68  111  109  112   88  135   71  153  107  149
000893.jpg 66  112  110  113   88  136   66  150  111  150
000900.jpg 67  111  109  113   88  140   68  150  111  151
000912.jpg 71  109  105  112   74  141   72  153  107  155
000913.jpg 69  111  108  112   88  134   70  152  107  152
000915.jpg 70  110  107  111   87  137   73  152  104  154
000918.jpg 69  111  108  112   92  136   74  152  104  151
000920.jpg 69  111  108  112   80  135   75  151  102  152
000921.jpg 68  111  109  112   85  134   73  151  104  152
000924.jpg 68  112  109  111   91  138   68  152  108  151
000930.jpg 69  112  109  111   91  137   73  151  103  152
000932.jpg 70  111  107  111   88  131   72  152  105  153
000935.jpg 66  112  111  113   88  137   70  151  107  148
000939.jpg 69  111  108  111   92  133   74  152  103  152
000940.jpg 69  111  108  112   78  136   68  152  109  151
000943.jpg 67  112  109  112   84  137   67  150  111  151
000954.jpg 68  113  110  111   88  136   67  153  107  148
000955.jpg 69  111  108  112   89  134   71  151  106  152
000960.jpg 68  111  109  112   91  140   67  152  110  151
000961.jpg 67  111  109  113   83  141   65  149  113  152
000966.jpg 67  112  110  112   88  140   68  150  109  151
000972.jpg 71  110  106  111   77  138   74  152  104  155
000973.jpg 68  112  109  112   82  137   68  152  108  150
000975.jpg 71  111  107  110   88  132   73  153  104  153
000984.jpg 68  111  109  112   83  134   68  150  110  152
000987.jpg 72  110  106  110   84  133   73  155  103  154
000988.jpg 69  112  109  111   92  135   72  151  104  152
000989.jpg 69  111  108  111   88  137   72  152  105  152
000991.jpg 69  112  109  111   92  138   69  152  107  151
000996.jpg 69  111  108  111   94  134   67  152  110  152
000997.jpg 68  112  109  112   89  136   70  151  107  151
000998.jpg 70  111  107  111   87  131   75  153  102  152
001003.jpg 70  111  108  111   90  137   73  153  103  152
001006.jpg 69  113  109  111   85  135   66  151  109  151
001007.jpg 67  113  111  112   90  142   64  150  111  149
001009.jpg 68  111  109  113   88  137   70  151  108  151
001011.jpg 69  112  108  111   95  137   68  153  108  151
001013.jpg 68  113  110  111   92  142   68  151  107  150
001014.jpg 68  112  109  111   85  140   71  151  105  151
001017.jpg 71  110  105  110   79  136   78  153   99  155
001018.jpg 70  111  107  111   88  134   73  153  103  152
001023.jpg 68  112  109  111   89  136   67  151  109  151
001024.jpg 69  111  108  111   88  134   73  152  104  152
001042.jpg 70  112  107  110   97  137   76  154  100  152
001045.jpg 70  110  106  112   74  140   72  152  107  153
001053.jpg 70  111  107  111   82  135   72  152  105  154
001055.jpg 70  111  107  111   84  139   74  153  103  152
001056.jpg 69  112  108  111   88  140   70  152  107  151
001062.jpg 68  112  109  111   92  137   69  151  107  151
001063.jpg 71  111  106  110   82  134   71  154  106  153
001069.jpg 70  112  108  110  102  139   67  154  107  151
001072.jpg 69  112  108  111   90  132   70  152  106  152
001076.jpg 69  111  108  112   89  136   68  151  109  152
001077.jpg 69  110  107  112   85  138   74  152  105  153
001083.jpg 68  111  108  112   97  136   69  152  108  151
001092.jpg 71  111  106  110   84  122   71  155  105  152
001096.jpg 68  111  108  112   81  132   72  151  106  153
001100.jpg 70  111  106  111   76  135   75  153  102  153
001113.jpg 74  110  104  109   73  137   73  155  103  156
001116.jpg 69  112  108  111   84  126   70  152  106  152
001128.jpg 68  111  109  112   80  141   68  150  110  152
001129.jpg 68  112  109  112   88  136   73  150  104  152
001134.jpg 70  109  106  112   75  135   74  152  105  154