1000
lefteye_x lefteye_y righteye_x righteye_y nose_x nose_y leftmouth_x leftmouth_y rightmouth_x rightmouth_y
000001.jpg 69  109  106  113   77  142   73  152  108  154
000002.jpg 69  110  107  112   81  135   70  151  108  153
000003.jpg 76  112  104  106  108  128   74  156   98  158
000004.jpg 72  113  108  108  101  138   71  155  101  151
000005.jpg 66  114  112  112   86  119   71  147  104  150
000006.jpg 71  111  106  110   94  131   74  154  102  153
000007.jpg 70  112  108  111   85  135   72  152  104  152
000008.jpg 71  110  106  111   84  137   73  155  104  153
000009.jpg 68  113  110  111   97  139   66  152  109  150
000010.jpg 68  111  108  112   89  136   70  151  107  151
000011.jpg 69  112  108  111   89  139   72  152  104  151
000012.jpg 69  112  108  112   89  136   68  150  109  152
000013.jpg 68  112  109  111   90  138   67  151  109  150
000014.jpg 68  112  109  111   92  141   72  150  104  152
000015.jpg 69  110  107  112   90  133   74  152  105  153
000016.jpg 69  112  108  111   85  138   70  152  105  152
000017.jpg 67  112  109  113   86  138   67  150  111  151
000018.jpg 67  112  110  112   88  135   68  150  109  150
000019.jpg 68  111  108  112   88  134   73  152  104  151
000020.jpg 69  112  109  110   86  125   72  152  103  151
000021.jpg 70  111  107  111   87  138   73  151  104  154
000022.jpg 70  111  107  111   85  132   74  153  103  153
000023.jpg 70  112  108  111   88  140   71  153  105  151
000024.jpg 67  111  109  113   84  123   72  149  106  152
000025.jpg 70  111  108  111   83  130   72  153  104  152
000026.jpg 69  111  108  111   85  135   73  152  103  152
000027.jpg 70  112  107  110  101  138   70  155  105  151
000028.jpg 68  112  110  112   89  145   67  150  109  151
000029.jpg 69  111  108  111   91  129   70  151  107  152
000030.jpg 70  110  106  111   95  135   75  153  103  153
000031.jpg 68  113  109  111   88  137   65  151  111  151
000032.jpg 72  111  106  110   88  133   75  153  101  155
000033.jpg 69  111  108  111   88  136   72  152  105  152
000034.jpg 70  111  108  111   91  134   72  153  104  152
000035.jpg 69  111  108  111   88  135   73  152  104  152
000036.jpg 74  106  101  111   69  138   80  156  102  158
000037.jpg 72  110  105  110   94  132   76  155  101  155
000038.jpg 69  112  109  111   93  137   68  151  109  152
000039.jpg 69  111  108  111  100  131   68  151  108  152
000040.jpg 69  112  108  111   89  139   73  152  103  152
000041.jpg 70  105  102  114   65  144   73  151  112  159
000042.jpg 68  112  109  112   92  138   68  152  109  150
000043.jpg 68  111  109  112   90  136   67  150  110  151
000044.jpg 71  110  106  111   87  137   73  153  105  154
000045.jpg 69  112  108  111   86  140   68  151  108  152
000046.jpg 66  112  110  113   87  139   69  149  109  150
000047.jpg 68  112  109  112   88  135   72  151  105  152
000048.jpg 70  113  108  110   81  125   74  154  100  150
000049.jpg 73  107  102  111   76  139   78  157  102  156
000050.jpg 68  112  109  111   93  139   66  151  110  151
000051.jpg 67  113  110  112   83  140   69  148  107  152
000052.jpg 70  111  107  111   85  135   72  153  105  153
000053.jpg 70  112  108  111   91  137   72  153  103  152
000054.jpg 67  112  110  112   87  138   66  150  111  151
000055.jpg 69  111  108  111   86  133   73  151  104  153
000056.jpg 69  111  107  111   97  133   74  152  103  152
000057.jpg 71  111  106  110   95  134   73  154  103  154
000058.jpg 68  112  109  112   89  132   73  152  104  150
000059.jpg 72  110  105  110   75  132   75  153  101  156
000060.jpg 71  112  107  109   74  131   70  154  104  153
000061.jpg 74  110  104  108   97  130   78  158   97  154
000062.jpg 69  111  108  112   87  137   72  153  105  151
000063.jpg 68  111  108  113   82  142   66  150  112  152
000064.jpg 68  111  108  112   88  132   71  151  106  152
000065.jpg 69  112  108  111   87  136   71  152  106  151
000066.jpg 66  112  110  113   86  136   65  149  114  150
000067.jpg 70  110  106  111   93  136   73  154  104  153
000068.jpg 69  111  108  111   93  136   72  151  105  153
000069.jpg 68  111  108  112   88  126   77  151  101  152
000070.jpg 67  109  107  114   78  144   72  150  110  153
000071.jpg 68  111  109  113   85  138   71  151  108  151
000072.jpg 68  112  109  112   89  137   64  151  113  150
000073.jpg 70  110  107  111   77  134   74  152  103  154
000074.jpg 68  111  108  113   88  124   75  153  103  150
000075.jpg 70  111  107  111   80  129   73  152  103  153
000076.jpg 67  113  110  112   83  126   67  151  109  150
000077.jpg 68  111  109  112   83  138   69  150  109  152
000078.jpg 66  112  111  113   90  126   70  149  107  150
000079.jpg 70  111  107  111   80  139   73  153  103  152
000080.jpg 69  110  107  112   92  137   73  153  105  152
000081.jpg 69  112  108  111   95  136   68  153  109  150
000082.jpg 69  111  108  111   88  135   69  152  108  151
000083.jpg 68  112  109  112   87  138   69  150  108  152
000084.jpg 69  111  108  111   93  128   71  151  107  153
000085.jpg 68  111  108  112   85  139   72  150  107  152
000086.jpg 69  109  106  113   97  132   79  152  101  153
000087.jpg 69  112  108  112   93  140   66  152  111  151
000088.jpg 71  112  107  110   81  134   77  153   98  154
000089.jpg 69  111  108  111   83  140   73  151  104  153
000090.jpg 71  110  105  111   92  133   77  154  100  154
000091.jpg 69  111  108  111   88  139   73  152  104  152
000092.jpg 68  112  109  111   94  137   73  151  104  151
000093.jpg 66  112  111  113   87  126   72  148  105  150
000094.jpg 68  111  108  112   92  134   69  150  109  153
000095.jpg 70  112  108  110   92  132   75  153  101  152
000096.jpg 69  111  108  112   91  128   74  151  103  152
000097.jpg 69  111  108  111   87  132   76  150  101  154
000098.jpg 70  111  107  111   80  137   77  152  100  154
000099.jpg 68  112  109  112   90  138   66  151  111  150
000100.jpg 69  111  108  111   95  134   69  151  107  152
000101.jpg 69  112  108  111   92  136   71  152  105  151
000102.jpg 70  112  107  110   82  122   72  154  104  151
000103.jpg 70  111  107  111   92  131   74  153  103  153
000104.jpg 68  111  108  112   87  138   68  151  110  152
000105.jpg 68  112  109  112   91  136   73  152  104  150
000106.jpg 69  112  108  111   98  141   68  152  109  151
000107.jpg 67  112  110  112   89  137   67  150  110  150
000108.jpg 68  112  109  112   90  136   67  151  109  151
000109.jpg 70  111  107  111   88  139   72  153  105  153
000110.jpg 66  113  111  112   86  142   65  150  111  149
000111.jpg 68  111  109  112   79  140   67  150  111  152
000112.jpg 67  112  110  112   86  136   65  150  112  150
000113.jpg 69  112  109  111   88  137   70  152  106  151
000114.jpg 69  111  108  112   89  138   72  153  107  151
000115.jpg 72  111  106  110   87  135   74  154  102  154
000116.jpg 68  112  109  111   90  136   66  152  110  150
000117.jpg 69  111  108  111   83  131   72  153  105  151
000118.jpg 69  113  109  111   97  143   69  153  107  150
000119.jpg 70  111  107  110   91  137   74  152  102  153
000120.jpg 75  109  103  108  120  136   69  153  106  161
000121.jpg 68  112  109  112   87  139   68  151  109  151
000122.jpg 68  112  109  112   86  137   67  151  110  151
000123.jpg 70  111  107  111   84  134   72  152  104  153
000124.jpg 71  111  107  110   96  137   74  154  102  152
000125.jpg 69  111  108  111   87  136   69  153  109  151
000126.jpg 68  112  109  112   80  139   69  150  108  152
000127.jpg 69  111  108  112   85  137   73  151  104  153
000128.jpg 69  113  109  110   94  140   68  154  106  149
000129.jpg 69  111  107  111   86  140   70  152  108  152
000130.jpg 70  111  107  111   87  139   73  154  103  152
000131.jpg 69  111  108  112   76  138   68  150  110  153
000132.jpg 68  111  109  112   84  138   68  150  110  152
000133.jpg 69  112  109  111   90  141   69  151  107  152
000134.jpg 70  108  105  113   75  137   71  153  110  154
000135.jpg 70  112  108  110   93  141   67  151  108  153
000136.jpg 70  111  107  110   81  136   70  152  106  154
000137.jpg 72  113  107  108  105  136   69  155  103  153
000138.jpg 69  110  107  112   89  128   70  153  109  152
000139.jpg 70  111  107  110   78  138   70  152  106  153
000140.jpg 70  111  107  111   93  134   72  152  104  153
000141.jpg 70  111  107  111   88  133   74  152  103  153
000142.jpg 70  111  107  111   90  137   74  153  102  153
000143.jpg 69  112  109  111   84  134   69  152  108  151
000144.jpg 72  109  105  111   76  133   77  154  101  155
000145.jpg 68  112  109  111   95  139   65  152  111  150
000146.jpg 73  112  106  108  109  136   70  155  103  154
000147.jpg 69  111  108  111   89  133   75  151  102  152
000148.jpg 73  110  105  109   98  134   75  157  101  153
000149.jpg 70  112  108  111   90  120   71  153  105  152
000150.jpg 71  112  107  110   90  137   75  153  100  153
000151.jpg 69  112  109  111   92  142   64  152  112  151
000152.jpg 68  111  108  112   90  134   70  151  108  151
000153.jpg 68  111  109  112   89  138   67  150  110  152
000154.jpg 71  110  106  111   87  129   74  153  103  154
000155.jpg 67  111  109  113   86  143   67  151  111  150
000156.jpg 68  111  108  112   81  136   69  151  109  152
000157.jpg 69  111  108  111   89  132   73  152  104  151
000158.jpg 70  111  107  111   81  133   72  153  106  152
000159.jpg 69  105  103  115   72  142   79  152  107  156
000160.jpg 70  111  107  111   88  140   73  152  104  152
000161.jpg 68  111  109  112   85  134   69  151  109  152
000162.jpg 70  112  108  110   81  125   71  153  104  151
000163.jpg 69  112  109  111   81  132   73  151  102  152
000164.jpg 71  111  106  110   85  131   72  154  104  153
000165.jpg 71  111  106  110   92  134   74  154  102  153
000166.jpg 70  112  108  110   84  130   71  154  104  151
000167.jpg 71  109  105  111  104  131   77  157  102  151
000168.jpg 68  114  111  110   98  141   64  153  109  147
000169.jpg 69  110  107  112   93  122   75  152  105  153
000170.jpg 69  112  108  111   88  136   72  151  105  152
000171.jpg 70  111  107  111   95  138   73  152  104  154
000172.jpg 70  112  108  110   82  134   70  153  105  152
000173.jpg 66  112  110  113   87  139   69  149  109  150
000174.jpg 68  111  108  112   86  139   67  151  110  151
000175.jpg 68  111  108  113   81  143   69  149  110  153
000176.jpg 68  112  109  111   90  133   70  152  106  151
000177.jpg 73  109  104  110  101  132   79  157   98  154
000178.jpg 67  111  109  113   87  144   67  151  111  150
000179.jpg 69  112  108  111   83  138   72  151  104  152
000180.jpg 68  111  109  113   86  137   72  151  106  151
000181.jpg 68  109  107  113   80  137   70  149  111  155
000182.jpg 70  111  107  111   90  130   71  153  106  152
000183.jpg 68  111  109  112   79  139   67  149  111  153
000184.jpg 71  108  104  112   71  140   78  153  102  156
000185.jpg 70  113  108  109   81  126   72  154  102  151
000186.jpg 71  112  107  110   77  135   72  152  103  154
000187.jpg 69  111  108  111   79  136   67  151  110  153
000188.jpg 72  110  105  110   80  134   72  154  105  154
000189.jpg 64  111  111  116   81  141   69  147  112  149
000190.jpg 70  112  108  111   85  133   73  153  103  151
000191.jpg 66  112  110  113   84  146   66  149  112  150
000192.jpg 66  113  111  112   94  135   66  149  110  149
000193.jpg 70  111  107  111   93  128   73  153  104  153
000194.jpg 69  111  108  111   78  135   67  152  109  152
000195.jpg 70  112  108  111   96  133   70  152  106  153
000196.jpg 69  111  108  112   84  135   70  152  108  151
000197.jpg 70  111  107  111   79  137   73  152  105  153
000198.jpg 69  111  108  112   93  138   72  152  105  151
000199.jpg 62  115  116  114   89  146   70  146  106  144
000200.jpg 70  111  107  111   84  137   74  153  103  152
000201.jpg 69  112  108  111   85  133   73  153  104  151
000202.jpg 70  110  107  111   97  130   73  153  104  153
000203.jpg 70  111  107  111   92  134   72  153  104  153
000204.jpg 68  112  109  111   85  136   66  151  110  151
000205.jpg 70  111  107  111   92  135   72  152  105  153
000206.jpg 70  110  106  112   74  136   72  153  107  153
000207.jpg 70  111  107  110   90  129   75  153  101  152
000208.jpg 67  113  110  112   89  141   69  149  107  151
000209.jpg 69  112  108  111   92  142   65  152  110  151
000210.jpg 72  112  107  109   88  131   73  154  101  153
000211.jpg 69  111  107  112   90  139   73  152  105  152
000212.jpg 70  111  107  110   90  134   74  153  102  153
000213.jpg 69  111  108  111   89  137   72  152  106  153
000214.jpg 69  112  109  111   89  139   68  151  109  152
000215.jpg 70  111  107  111   92  135   72  152  105  153
000216.jpg 69  111  108  111   88  137   74  152  103  152
000217.jpg 70  111  107  111   87  136   72  151  105  153
000218.jpg 69  112  108  111   95  133   70  152  106  151
000219.jpg 68  110  107  113   82  141   74  151  106  153
000220.jpg 71  111  107  110   96  137   73  154  102  153
000221.jpg 71  111  106  110   88  136   73  153  103  154
000222.jpg 67  112  110  112   85  136   71  150  105  150
000223.jpg 71  111  107  110   89  141   68  152  108  154
000224.jpg 69  112  108  111   86  145   73  151  104  153
000225.jpg 65  111  110  114   85  145   68  148  112  150
000226.jpg 67  112  110  112   88  129   67  151  110  150
000227.jpg 74  110  103  109  106  134   76  157  100  155
000228.jpg 67  114  111  111   93  140   66  151  109  149
000229.jpg 69  111  107  111   89  132   71  153  106  152
000230.jpg 70  111  107  111   97  134   69  152  107  153
000231.jpg 69  112  108  111   85  125   73  152  104  151
000232.jpg 70  112  108  110   75  131   68  153  107  152
000233.jpg 71  111  107  110   85  131   74  152  102  154
000234.jpg 71  109  105  112   86  138   73  153  107  155
000235.jpg 70  112  108  111   85  136   72  152  104  153
000236.jpg 68  112  109  112   83  141   72  150  106  151
000237.jpg 71  110  106  111   94  133   76  154  102  153
000238.jpg 69  110  108  112   96  131   75  151  103  152
000239.jpg 68  112  109  112   88  137   65  151  111  151
000240.jpg 74  107  101  110   69  129   82  157   97  157
000241.jpg 69  112  108  111   96  132   69  153  108  150
000242.jpg 69  111  108  111   93  139   73  152  104  151
000243.jpg 74  111  104  108   76  127   74  157  101  155
000244.jpg 70  111  107  111   93  137   74  152  103  153
000245.jpg 73  109  104  110   69  134   73  156  105  155
000246.jpg 73  109  104  110   75  136   78  155  100  156
000247.jpg 67  111  109  112   83  139   67  150  110  151
000248.jpg 70  110  106  111   89  129   73  153  104  153
000249.jpg 67  112  110  113   88  142   66  150  111  150
000250.jpg 70  111  107  111   87  130   73  152  104  153
000251.jpg 70  109  106  112  101  129   76  153  103  153
000252.jpg 71  110  106  111   97  133   72  154  106  154
000253.jpg 72  110  106  110   98  135   76  154  100  154
000254.jpg 67  112  109  112   89  136   65  151  112  150
000255.jpg 69  112  108  111   90  135   74  151  103  153
000256.jpg 69  111  107  112   99  136   72  152  106  153
000257.jpg 70  111  107  111   81  131   74  152  103  153
000258.jpg 68  112  109  111   87  135   72  151  105  151
000259.jpg 71  112  107  110   92  138   70  153  104  152
000260.jpg 69  112  108  111   95  139   72  153  104  151
000261.jpg 72  110  106  110  100  135   73  154  103  154
000262.jpg 68  112  109  111   91  142   66  152  110  151
000263.jpg 69  111  108  112   89  135   73  152  104  151
000264.jpg 70  111  107  111   88  132   72  153  105  153
000265.jpg 72  111  105  109   94  134   73  155  102  154
000266.jpg 70  111  107  111   87  129   75  153  102  153
000267.jpg 70  111  107  111   84  137   72  153  104  152
000268.jpg 70  111  107  111   88  133   72  152  105  153
000269.jpg 68  111  109  112   82  137   69  150  108  152
000270.jpg 68  112  110  112   86  137   66  150  110  151
000271.jpg 70  112  108  110   89  136   69  153  107  151
000272.jpg 70  112  107  110   82  135   67  151  109  155
000273.jpg 68  111  108  112   84  133   70  151  108  152
000274.jpg 68  112  109  112   89  134   65  151  112  152
000275.jpg 68  110  107  113   83  134   72  152  107  152
000276.jpg 69  111  108  111   88  138   70  152  107  152
000277.jpg 68  112  109  112   86  140   66  150  110  151
000278.jpg 69  112  109  111   89  136   70  152  106  151
000279.jpg 69  110  107  112   79  139   73  153  106  152
000280.jpg 69  112  108  111   86  130   72  152  104  152
000281.jpg 71  110  106  111   78  133   75  153  102  154
000282.jpg 69  110  107  112   84  132   69  152  109  153
000283.jpg 74  110  104  109  105  132   74  155  101  158
000284.jpg 67  112  110  112   91  131   69  150  108  150
000285.jpg 69  111  108  112   91  139   72  152  105  151
000286.jpg 70  111  108  111   86  138   70  152  107  152
000287.jpg 70  111  107  111   93  135   75  153  102  152
000288.jpg 69  111  108  111   85  130   74  152  104  152
000289.jpg 70  111  107  111   84  137   72  153  105  153
000290.jpg 70  112  108  111   85  126   74  153  102  152
000291.jpg 70  111  107  111   87  134   72  154  105  153
000292.jpg 69  112  109  111   88  136   74  151  101  152
000293.jpg 68  108  106  114   75  137   77  151  106  154
000294.jpg 73  110  104  109   72  133   75  155  100  156
000295.jpg 69  109  106  112   76  130   75  151  105  154
000296.jpg 69  111  108  111   83  135   68  151  108  152
000297.jpg 70  111  107  111   91  137   74  153  103  153
000298.jpg 67  112  110  112   89  141   64  151  113  150
000299.jpg 68  112  109  112   87  137   69  150  108  152
000300.jpg 68  111  109  112   86  133   67  150  111  152
000301.jpg 68  112  109  112   89  137   66  151  111  151
000302.jpg 67  112  110  112   90  139   69  150  108  150
000303.jpg 70  112  108  110   83  131   72  151  103  153
000304.jpg 70  110  107  111   93  134   74  154  103  152
000305.jpg 69  111  108  111   86  139   70  153  107  152
000306.jpg 71  111  106  110   88  136   73  153  103  154
000307.jpg 69  111  108  112   89  138   73  151  104  152
000308.jpg 70  108  105  113   97  128   77  151  105  156
000309.jpg 70  112  107  110   75  136   73  152  103  153
000310.jpg 69  112  109  111   86  127   71  152  105  151
000311.jpg 69  111  108  111   91  131   72  152  105  152
000312.jpg 67  111  109  112   89  141   73  150  105  151
000313.jpg 69  112  109  111   90  144   67  152  109  151
000314.jpg 70  110  107  112   80  138   75  152  103  153
000315.jpg 69  110  107  112   89  132   76  153  102  152
000316.jpg 72  111  106  110  100  133   71  155  105  153
000317.jpg 68  109  106  114   77  139   68  150  113  155
000318.jpg 69  111  107  112   84  140   71  152  107  152
000319.jpg 73  109  103  110  100  135   77  156  101  155
000320.jpg 70  111  107  111   82  138   74  153  103  153
000321.jpg 67  111  109  113   78  130   71  150  109  151
000322.jpg 69  112  108  111   88  140   69  152  107  151
000323.jpg 70  113  108  110   83  128   70  153  105  151
000324.jpg 69  111  108  111   89  138   70  152  107  152
000325.jpg 69  112  108  111   90  138   67  152  110  151
000326.jpg 70  110  106  111   83  137   75  152  103  154
000327.jpg 68  112  109  112   92  142   70  152  107  150
000328.jpg 71  112  107  109   98  142   71  153  103  154
000329.jpg 70  112  108  110   77  136   70  153  105  152
000330.jpg 69  112  108  111   87  140   71  152  106  152
000331.jpg 70  111  107  111   87  134   73  153  103  153
000332.jpg 70  111  107  111   91  132   73  152  104  152
000333.jpg 70  112  108  111   87  134   69  152  107  152
000334.jpg 68  112  109  112   86  134   67  150  110  151
000335.jpg 72  110  105  110   89  134   73  154  105  155
000336.jpg 67  113  110  112   88  129   67  150  109  150
000337.jpg 69  112  108  111   90  132   73  152  103  152
000338.jpg 69  112  108  111   83  129   73  153  103  151
000339.jpg 72  110  105  110   94  134   75  153  103  155
000340.jpg 68  112  109  112   92  143   67  151  110  150
000341.jpg 69  110  107  112   74  139   69  150  110  155
000342.jpg 70  112  108  110   94  137   74  154  101  151
000343.jpg 71  111  107  110   94  136   73  153  103  153
000344.jpg 68  111  109  112   89  126   73  151  105  151
000345.jpg 69  112  108  112   90  138   74  153  103  150
000346.jpg 72  111  106  110   91  138   73  154  103  154
000347.jpg 70  113  109  109   93  138   73  153  100  151
000348.jpg 69  111  108  111   88  133   71  151  106  152
000349.jpg 69  111  108  112   88  134   71  152  107  151
000350.jpg 70  111  106  111   87  130   75  153  102  153
000351.jpg 71  112  107  110   82  133   73  154  102  152
000352.jpg 68  111  108  112   90  134   67  150  110  152
000353.jpg 67  113  110  112   89  141   66  150  110  150
000354.jpg 67  112  110  113   84  133   66  150  112  150
000355.jpg 70  111  107  111   88  132   74  152  103  152
000356.jpg 69  111  108  111   91  136   73  152  103  152
000357.jpg 68  111  109  112   87  142   66  151  111  151
000358.jpg 68  112  109  111   90  141   66  152  109  150
000359.jpg 68  112  109  112   88  140   65  151  111  150
000360.jpg 70  111  107  111   90  138   76  153  101  153
000361.jpg 70  110  106  111   90  132   75  153  102  153
000362.jpg 69  111  108  112   89  133   73  152  104  151
000363.jpg 70  113  108  110   78  128   71  153  103  151
000364.jpg 68  112  110  112   87  133   67  150  109  151
000365.jpg 69  112  108  111   84  133   70  152  106  152
000366.jpg 69  113  109  110   80  130   66  155  108  148
000367.jpg 71  109  106  111   86  131   74  153  104  154
000368.jpg 69  111  108  112   90  135   68  152  109  151
000369.jpg 69  111  108  112   94  130   71  150  106  153
000370.jpg 71  110  105  111   96  134   76  154  101  154
000371.jpg 72  111  105  109   76  134   75  153  100  156
000372.jpg 70  110  106  111   74  138   71  151  107  155
000373.jpg 70  113  109  110   96  128   73  152  102  151
000374.jpg 69  112  108  111   89  123   74  153  102  151
000375.jpg 70  109  106  112   75  129   73  151  106  156
000376.jpg 70  112  108  111   80  125   71  153  105  151
000377.jpg 70  111  107  111   87  136   73  152  104  153
000378.jpg 74  112  105  108  100  138   70  155  104  156
000379.jpg 69  110  106  112  100  130   76  153  103  152
000380.jpg 71  111  106  110   95  137   71  155  105  153
000381.jpg 68  111  109  112   78  139   68  150  109  152
000382.jpg 67  111  109  113   88  136   65  151  113  151
000383.jpg 69  111  108  111   87  137   72  151  105  153
000384.jpg 67  112  109  112   83  133   69  149  109  152
000385.jpg 71  109  105  112  104  131   69  153  110  155
000386.jpg 70  111  107  111   88  132   73  153  104  152
000387.jpg 66  112  110  113   88  137   68  149  111  150
000388.jpg 68  111  109  112   90  131   70  151  108  151
000389.jpg 70  111  107  111   92  144   70  154  107  151
000390.jpg 68  111  108  112   88  122   69  150  108  152
000391.jpg 67  112  110  112   82  135   67  149  110  151
000392.jpg 70  111  107  110   91  136   71  152  105  153
000393.jpg 66  111  110  114   79  144   68  149  112  151
000394.jpg 69  112  109  111   93  139   64  152  112  151
000395.jpg 68  108  106  115  101  122   74  150  109  154
000396.jpg 69  111  108  112   85  136   67  152  111  151
000397.jpg 69  112  108  111   93  139   71  152  104  152
000398.jpg 70  112  108  110   85  134   74  152  102  153
000399.jpg 69  111  108  111   88  134   73  152  103  152
000400.jpg 69  110  107  112   91  133   75  152  103  153
000401.jpg 70  111  107  111   87  134   73  152  104  154
000402.jpg 70  111  107  111   88  140   71  154  105  152
000403.jpg 70  111  107  111   86  135   72  154  105  152
000404.jpg 68  110  108  113   83  142   70  151  109  152
000405.jpg 71  110  106  111   82  135   76  153  101  154
000406.jpg 67  111  109  113   94  136   69  150  109  151
000407.jpg 71  111  106  110   73  132   70  153  106  154
000408.jpg 70  112  108  111   92  141   72  152  104  152
000409.jpg 72  110  105  110   78  132   74  154  102  154
000410.jpg 69  110  107  112   74  133   70  150  109  154
000411.jpg 69  111  107  112   84  136   64  152  114  153
000412.jpg 70  111  108  111   83  138   71  152  106  152
000413.jpg 70  113  109  110  100  141   61  155  113  149
000414.jpg 70  111  107  111   89  135   73  152  105  153
000415.jpg 69  111  108  111   87  138   74  152  103  152
000416.jpg 68  111  108  112   90  134   72  151  106  151
000417.jpg 82  107   96  104  110  133   81  164   93  162
000418.jpg 69  113  109  110   79  130   70  151  104  152
000419.jpg 69  112  108  111   89  130   70  152  106  152
000420.jpg 67  112  110  112   89  130   68  151  109  149
000421.jpg 70  111  107  111   96  136   74  153  104  153
000422.jpg 68  112  109  112   88  134   70  151  108  151
000423.jpg 69  111  108  111   89  134   77  152  100  152
000424.jpg 70  112  108  110   91  136   69  152  106  153
000425.jpg 69  111  108  111   90  135   69  152  108  153
000426.jpg 69  111  107  112   81  139   72  152  106  152
000427.jpg 72  111  106  110   87  132   76  154  100  154
000428.jpg 68  111  109  112   90  138   70  152  107  150
000429.jpg 71  111  107  110   81  134   70  154  106  153
000430.jpg 69  111  108  112   88  141   71  152  106  152
000431.jpg 68  111  108  112   85  139   71  151  107  152
000432.jpg 69  111  108  111   88  129   72  153  105  151
000433.jpg 67  111  109  113   81  140   69  152  109  149
000434.jpg 69  111  108  111   91  137   72  152  105  151
000435.jpg 68  113  110  111   88  137   65  150  111  151
000436.jpg 68  112  109  112   91  139   69  151  107  150
000437.jpg 71  109  105  111   82  131   72  153  107  156
000438.jpg 69  111  108  111   82  136   73  153  104  152
000439.jpg 69  111  108  111   84  131   72  151  104  153
000440.jpg 68  112  109  112   89  139   68  151  109  151
000441.jpg 68  111  108  112   92  129   72  151  106  152
000442.jpg 68  111  109  113   90  137   73  152  106  150
000443.jpg 71  110  106  110   94  135   74  154  103  154
000444.jpg 69  112  109  111   92  140   70  152  106  151
000445.jpg 71  111  107  111   82  128   74  153  103  153
000446.jpg 67  112  110  112   83  138   66  149  111  151
000447.jpg 71  110  106  111   93  133   74  153  104  154
000448.jpg 68  112  109  111   87  128   70  149  106  153
000449.jpg 69  112  109  111   92  141   72  152  104  151
000450.jpg 70  110  106  111   93  130   71  153  106  153
000451.jpg 68  112  109  112   88  127   73  152  104  151
000452.jpg 66  113  111  113   91  137   66  150  111  148
000453.jpg 72  110  104  110   75  132   77  154   99  156
000454.jpg 75  113  105  106  114  136   69  156  102  155
000455.jpg 67  113  111  112   91  137   67  149  109  150
000456.jpg 68  111  108  112   90  135   69  152  109  151
000457.jpg 69  111  108  111   86  134   71  150  106  153
000458.jpg 69  112  109  111   91  137   65  152  110  151
000459.jpg 71  111  107  110   96  135   74  153  102  153
000460.jpg 73  112  106  108   79  125   75  156   98  154
000461.jpg 69  112  109  111   90  138   72  152  104  151
000462.jpg 69  111  108  112   88  137   67  152  110  152
000463.jpg 69  111  108  111   81  133   73  153  104  151
000464.jpg 69  111  107  111   91  132   75  152  103  152
000465.jpg 68  111  108  112   89  142   69  150  108  153
000466.jpg 69  112  108  111   88  137   73  152  104  152
000467.jpg 68  112  109  112   89  143   67  151  110  151
000468.jpg 69  110  107  112   80  139   76  152  103  152
000469.jpg 70  110  107  111   86  135   75  152  102  153
000470.jpg 69  111  108  112   90  129   74  151  104  152
000471.jpg 68  111  108  112   77  141   68  151  110  151
000472.jpg 67  112  110  112   87  135   69  150  108  150
000473.jpg 70  110  106  111   90  131   76  153  102  153
000474.jpg 71  110  106  111   92  129   73  152  104  156
000475.jpg 69  112  109  111   91  130   68  151  108  151
000476.jpg 68  111  109  112   89  138   70  152  108  150
000477.jpg 70  111  107  111   85  136   72  152  105  153
000478.jpg 68  112  109  111   88  140   72  151  103  150
000479.jpg 71  111  106  110   86  137   72  153  103  154
000480.jpg 70  111  107  111   87  134   75  153  101  153
000481.jpg 69  111  108  112   88  143   73  151  105  153
000482.jpg 71  111  106  110   85  132   74  154  102  153
000483.jpg 68  111  108  113   74  133   69  148  109  154
000484.jpg 69  111  108  111   89  137   69  152  108  152
000485.jpg 70  112  108  110  101  139   69  153  106  151
000486.jpg 69  111  108  111   77  134   70  151  107  153
000487.jpg 68  111  108  112   89  134   67  150  112  152
000488.jpg 68  111  109  112   91  136   75  151  102  151
000489.jpg 67  112  110  113   87  138   67  150  110  150
000490.jpg 72  111  106  110  100  136   73  155  103  153
000491.jpg 70  109  105  112  102  130   78  153  102  154
000492.jpg 68  112  109  112   85  141   69  150  108  151
000493.jpg 67  112  110  112   87  132   69  150  108  151
000494.jpg 70  111  107  111   90  135   71  152  106  152
000495.jpg 68  112  109  112   90  142   67  150  109  152
000496.jpg 67  112  109  112   87  140   67  150  111  151
000497.jpg 68  112  109  112   89  132   68  151  108  151
000498.jpg 68  111  109  112   90  141   70  152  107  150
000499.jpg 71  110  106  110   86  131   74  155  102  153
000500.jpg 70  111  107  111   82  135   73  152  104  153
000501.jpg 68  112  109  112   91  131   66  151  110  151
000502.jpg 69  112  108  111   88  134   73  151  103  152
000503.jpg 69  111  108  111   89  136   74  152  102  152
000504.jpg 67  112  110  112   89  139   65  150  112  150
000505.jpg 67  112  110  112   92  133   70  151  107  150
000506.jpg 67  111  109  113   83  138   68  149  110  152
000507.jpg 70  110  106  111   93  134   74  152  104  154
000508.jpg 67  112  110  112   90  141   65  150  112  150
000509.jpg 68  111  108  112   76  144   66  149  112  154
000510.jpg 69  111  108  111   93  136   72  152  105  151
000511.jpg 70  111  107  110   88  138   73  153  104  152
000512.jpg 72  111  105  109   78  132   73  155  103  154
000513.jpg 67  112  110  112   87  134   71  150  107  151
000514.jpg 67  112  110  113   83  142   67  150  111  151
000515.jpg 69  111  108  111   89  135   72  152  104  152
000516.jpg 69  112  108  111   89  133   73  151  104  153
000517.jpg 69  113  110  110   92  140   62  152  112  150
000518.jpg 69  112  109  111   98  142   68  152  108  151
000519.jpg 67  111  109  113   81  140   68  149  111  152
000520.jpg 70  110  107  112   85  135   76  152  102  154
000521.jpg 70  111  107  111   77  132   72  153  105  153
000522.jpg 69  113  109  111   97  135   65  152  110  150
000523.jpg 68  112  109  112   86  140   67  151  110  150
000524.jpg 68  110  108  113   79  140   69  150  110  152
000525.jpg 69  111  108  111   88  129   72  153  105  151
000526.jpg 73  110  105  109   97  134   73  155  103  155
000527.jpg 70  111  107  111   89  133   72  153  104  152
000528.jpg 68  112  109  112   84  136   69  152  108  151
000529.jpg 74  108  102  109  105  134   77  159  101  155
000530.jpg 69  114  109  110   81  121   72  152  102  150
000531.jpg 69  112  109  110   98  139   70  152  105  151
000532.jpg 70  110  107  112   89  136   72  153  106  152
000533.jpg 70  110  107  112   97  127   73  151  105  154
000534.jpg 69  111  108  111   86  143   72  152  106  152
000535.jpg 70  113  109  110   73  127   68  153  106  151
000536.jpg 69  110  107  112   93  135   74  152  104  153
000537.jpg 70  112  107  110   89  130   71  153  105  153
000538.jpg 70  111  107  111  103  132   71  154  106  151
000539.jpg 69  112  108  111   93  137   73  153  103  151
000540.jpg 68  112  109  112   85  131   68  149  110  152
000541.jpg 69  112  108  111   92  133   72  152  105  151
000542.jpg 70  110  106  111   97  134   74  153  103  153
000543.jpg 70  110  106  111   99  132   74  153  104  154
000544.jpg 69  111  108  111   84  135   71  152  107  152
000545.jpg 69  112  108  111   90  137   70  151  106  152
000546.jpg 72  113  107  109   81  127   71  152  102  154
000547.jpg 70  108  105  113  104  123   77  153  104  155
000548.jpg 69  111  107  111   89  137   72  152  105  152
000549.jpg 70  110  107  111   85  137   75  152  103  154
000550.jpg 69  111  108  112   88  138   75  152  103  151
000551.jpg 67  112  110  113   87  144   66  149  111  151
000552.jpg 69  111  108  112   89  137   72  152  105  152
000553.jpg 68  113  110  111   91  138   69  150  106  150
000554.jpg 69  111  108  112   87  139   70  151  108  152
000555.jpg 68  112  109  112   88  131   67  151  110  151
000556.jpg 67  112  110  112   86  138   66  150  111  151
000557.jpg 70  113  108  109  100  140   71  154  102  151
000558.jpg 70  111  108  111   93  137   70  151  107  154
000559.jpg 68  112  109  112   97  133   73  150  104  152
000560.jpg 70  111  108  111   89  135   73  152  104  153
000561.jpg 69  112  108  111   92  135   65  151  112  152
000562.jpg 68  109  107  113   96  129   75  152  106  153
000563.jpg 69  112  109  111   96  133   70  150  106  153
000564.jpg 71  112  107  110   87  135   74  153  102  153
000565.jpg 68  111  109  112   91  140   68  151  110  150
000566.jpg 68  111  109  112   87  134   71  151  107  152
000567.jpg 68  112  109  112   85  138   70  150  107  152
000568.jpg 67  113  111  112   84  135   64  149  112  150
000569.jpg 70  111  107  111   84  134   71  153  106  152
000570.jpg 70  111  107  111   87  135   75  153  102  153
000571.jpg 71  111  106  110   93  131   76  154  100  153
000572.jpg 69  111  108  111   93  136   69  153  107  151
000573.jpg 80  115  103  101  109  136   73  163   92  155
000574.jpg 67  110  109  113   93  139   69  150  111  152
000575.jpg 70  112  108  111   90  132   70  152  106  153
000576.jpg 71  111  106  111   99  133   73  153  104  154
000577.jpg 69  110  107  112   98  132   75  154  103  151
000578.jpg 69  112  108  111   84  135   72  152  104  152
000579.jpg 68  112  109  112   84  134   71  150  106  152
000580.jpg 70  112  108  110   95  138   73  153  101  152
000581.jpg 69  110  107  112   91  128   72  153  107  152
000582.jpg 70  112  108  111   97  134   68  152  108  152
000583.jpg 67  112  110  112   90  142   66  150  110  150
000584.jpg 70  109  105  112  100  125   77  152  102  155
000585.jpg 69  112  109  111   91  139   71  151  105  152
000586.jpg 68  113  110  111   89  138   66  151  109  150
000587.jpg 70  112  108  111   86  138   72  152  104  152
000588.jpg 68  112  109  112   86  138   66  151  111  150
000589.jpg 67  113  111  112   90  139   66  149  110  150
000590.jpg 68  111  108  112   82  137   71  151  106  151
000591.jpg 71  111  107  110   90  135   74  153  102  153
000592.jpg 69  110  108  112   97  133   70  152  109  151
000593.jpg 69  111  107  112   77  133   70  153  108  151
000594.jpg 70  111  107  111   90  134   73  152  103  152
000595.jpg 69  112  108  111   90  132   68  152  109  152
000596.jpg 71  111  107  110   89  136   74  152  103  154
000597.jpg 70  110  107  111   77  136   75  150  102  156
000598.jpg 73  111  105  109   76  128   77  155   98  155
000599.jpg 69  112  108  111   96  134   67  153  109  150
000600.jpg 69  112  108  111   90  139   73  152  104  152
000601.jpg 69  111  108  111   94  136   74  151  103  152
000602.jpg 69  111  108  112   90  124   68  151  109  153
000603.jpg 69  110  107  113   94  121   72  151  108  153
000604.jpg 69  111  108  111   84  133   69  153  108  151
000605.jpg 68  112  109  112   85  138   67  151  110  151
000606.jpg 69  110  106  112   99  127   75  153  104  152
000607.jpg 70  111  107  111   93  134   73  153  105  153
000608.jpg 69  110  107  113   79  137   72  150  107  155
000609.jpg 70  111  107  111   90  127   73  152  104  153
000610.jpg 69  111  108  112   82  138   69  153  108  151
000611.jpg 70  110  107  111   82  138   75  152  103  154
000612.jpg 71  110  106  111  101  132   77  154  101  153
000613.jpg 68  111  109  112   86  133   71  151  107  151
000614.jpg 73  111  105  109   99  134   76  156   99  154
000615.jpg 68  111  108  112   92  137   76  152  101  151
000616.jpg 67  111  109  113   89  143   64  150  114  151
000617.jpg 70  112  108  110   92  143   70  151  105  153
000618.jpg 68  111  108  112   89  135   69  150  108  153
000619.jpg 69  111  108  111   89  134   73  153  104  152
000620.jpg 65  111  110  114   83  135   69  149  111  149
000621.jpg 70  112  108  110   86  136   71  152  104  153
000622.jpg 69  111  108  111   86  132   71  152  106  152
000623.jpg 69  112  109  111   99  132   68  152  108  151
000624.jpg 70  111  108  111   93  133   72  152  104  153
000625.jpg 68  112  109  112   84  137   68  150  109  152
000626.jpg 71  109  105  111   76  138   78  154  100  154
000627.jpg 66  110  109  115   84  136   77  149  105  151
000628.jpg 66  113  111  112   89  132   62  151  114  148
000629.jpg 70  111  107  111   96  138   71  153  106  153
000630.jpg 70  111  108  111   81  137   72  152  105  153
000631.jpg 67  112  110  112   85  137   66  151  110  150
000632.jpg 68  112  109  112   90  137   71  151  106  150
000633.jpg 68  112  109  112   90  133   66  152  111  150
000634.jpg 68  112  110  112   95  140   65  151  112  150
000635.jpg 71  110  105  110   75  138   74  152  103  156
000636.jpg 68  112  109  112   92  137   67  150  110  152
000637.jpg 68  112  109  112   87  134   70  152  107  151
000638.jpg 70  112  108  111   86  132   70  153  106  151
000639.jpg 70  111  107  111   97  134   74  154  103  152
000640.jpg 70  111  107  111   83  137   72  152  104  153
000641.jpg 68  112  109  112   82  137   68  149  110  152
000642.jpg 67  112  110  112   89  140   69  150  108  151
000643.jpg 67  113  111  112   89  141   63  150  113  149
000644.jpg 71  111  107  111   98  135   77  154   99  152
000645.jpg 67  111  109  113   81  134   69  150  109  151
000646.jpg 71  113  108  109   99  139   67  156  106  149
000647.jpg 69  111  108  111   89  138   72  152  104  152
000648.jpg 69  113  109  110  100  140   71  154  103  149
000649.jpg 71  110  106  111   84  134   80  152   98  155
000650.jpg 67  112  109  112   84  140   67  150  110  150
000651.jpg 71  112  107  109   94  135   74  154  100  153
000652.jpg 69  110  107  112   85  135   75  152  104  153
000653.jpg 69  111  108  112   91  133   73  152  104  152
000654.jpg 69  110  107  112   81  135   71  151  107  154
000655.jpg 71  111  106  110   77  138   70  154  106  153
000656.jpg 68  112  109  112   88  133   72  151  105  151
000657.jpg 69  110  107  112   78  137   70  153  108  152
000658.jpg 68  111  109  112   95  127   76  151  102  151
000659.jpg 68  112  109  112   89  137   70  150  107  151
000660.jpg 67  112  110  112   88  134   66  150  111  151
000661.jpg 70  111  107  111   87  135   68  153  110  152
000662.jpg 70  110  107  112   89  136   73  153  105  153
000663.jpg 70  111  108  111  103  139   71  154  105  150
000664.jpg 71  110  106  111   92  130   73  154  104  153
000665.jpg 68  112  109  112   90  140   71  152  105  151
000666.jpg 69  112  109  111   96  143   70  152  106  150
000667.jpg 69  111  108  112   91  138   71  152  106  151
000668.jpg 68  112  109  111   88  140   70  151  106  151
000669.jpg 70  112  108  110   98  136   72  153  103  152
000670.jpg 68  111  109  113   78  136   66  150  112  152
000671.jpg 69  111  107  112   91  132   73  153  105  152
000672.jpg 68  112  109  112   92  133   71  150  106  152
000673.jpg 68  112  109  112   90  133   72  151  105  151
000674.jpg 69  111  108  112   90  141   72  151  105  152
000675.jpg 68  111  108  112   97  124   76  151  102  152
000676.jpg 68  111  108  112   86  135   70  152  108  151
000677.jpg 68  111  108  112   95  139   71  151  107  152
000678.jpg 68  111  109  112   77  137   70  150  108  152
000679.jpg 67  112  110  112   88  121   73  151  104  150
000680.jpg 70  111  107  111   92  135   76  153  101  152
000681.jpg 68  113  110  111   94  144   66  151  110  150
000682.jpg 69  110  107  112   88  136   76  150  103  154
000683.jpg 70  111  107  110   84  132   74  152  102  153
000684.jpg 73  112  105  108   77  129   75  155   99  155
000685.jpg 69  110  107  112   82  140   71  153  107  152
000686.jpg 70  111  107  111   87  132   67  152  109  153
000687.jpg 68  111  108  112   91  129   74  151  104  152
000688.jpg 71  111  106  110   85  135   71  153  105  154
000689.jpg 69  112  108  111   97  129   68  151  108  153
000690.jpg 67  111  109  113   83  136   67  150  111  151
000691.jpg 69  112  108  111   94  133   73  152  103  152
000692.jpg 70  112  108  110   90  137   73  152  102  153
000693.jpg 71  111  106  110   83  138   72  153  105  154
000694.jpg 71  113  108  109  102  143   67  154  106  151
000695.jpg 71  110  106  111   90  132   75  154  102  153
000696.jpg 68  112  109  111   90  135   68  151  108  151
000697.jpg 70  110  107  112   76  138   67  151  111  154
000698.jpg 68  111  109  112   87  132   67  150  111  151
000699.jpg 68  112  109  112   94  133   72  151  104  151
000700.jpg 72  111  106  109  100  137   74  155  101  153
000701.jpg 69  112  108  111   87  133   70  152  107  152
000702.jpg 68  112  109  112   85  140   70  151  107  150
000703.jpg 68  112  109  112   88  137   69  151  108  150
000704.jpg 67  112  110  113   92  136   67  151  110  148
000705.jpg 70  112  108  111   89  132   73  151  103  153
000706.jpg 71  111  106  111   80  134   75  153  102  154
000707.jpg 67  111  109  113   76  139   66  149  113  152
000708.jpg 72  109  104  110   84  133   79  153   99  158
000709.jpg 69  111  107  112   77  133   69  151  109  153
000710.jpg 69  111  108  112   82  134   72  152  106  151
000711.jpg 69  113  109  110   96  142   71  152  103  151
000712.jpg 68  112  109  112   84  134   68  153  109  150
000713.jpg 70  111  108  111   82  140   67  151  110  154
000714.jpg 71  110  106  111   99  140   74  154  103  153
000715.jpg 69  111  108  112   89  134   75  152  102  151
000716.jpg 67  113  110  112   92  137   71  150  105  149
000717.jpg 70  111  107  111   89  137   74  153  102  153
000718.jpg 68  111  109  112   85  142   67  150  110  152
000719.jpg 67  112  110  112   87  141   67  151  110  149
000720.jpg 69  112  108  111   88  131   71  151  105  152
000721.jpg 67  112  109  113   86  144   69  150  109  151
000722.jpg 68  112  109  112   82  130   68  150  109  152
000723.jpg 69  111  108  112   91  139   71  153  106  151
000724.jpg 70  110  106  111   85  134   74  152  104  154
000725.jpg 71  109  105  111   69  135   72  154  106  155
000726.jpg 71  115  109  108  100  135   68  154  102  150
000727.jpg 67  111  109  113   82  139   66  150  113  151
000728.jpg 71  110  106  110  101  131   73  154  103  154
000729.jpg 70  110  106  111   93  131   73  152  105  154
000730.jpg 70  110  107  111   92  136   74  153  104  153
000731.jpg 69  111  107  112   93  130   75  153  103  152
000732.jpg 69  111  108  111   83  134   73  151  104  153
000733.jpg 69  112  108  111   88  144   73  152  102  152
000734.jpg 71  111  106  110   81  135   72  152  104  155
000735.jpg 68  112  109  111   90  128   68  150  108  152
000736.jpg 68  112  109  112   86  142   70  150  107  151
000737.jpg 67  111  109  113   88  136   70  150  108  151
000738.jpg 68  111  108  112   89  139   72  152  107  151
000739.jpg 69  112  109  111   90  136   68  152  108  151
000740.jpg 68  112  109  112   89  137   66  151  110  150
000741.jpg 69  111  108  111   89  135   74  152  103  152
000742.jpg 70  111  107  111   88  133   74  153  103  152
000743.jpg 69  111  108  111   93  134   70  152  107  152
000744.jpg 68  112  109  111   84  142   67  151  110  151
000745.jpg 69  111  108  111   88  139   71  152  106  152
000746.jpg 71  111  106  110   81  135   72  154  105  153
000747.jpg 73  110  105  109   82  134   76  155  100  155
000748.jpg 70  112  108  111   85  133   74  153  102  152
000749.jpg 71  112  107  110   84  136   72  153  104  153
000750.jpg 69  112  108  111   74  136   74  152  102  151
000751.jpg 71  111  106  111   80  132   74  154  103  153
000752.jpg 70  108  105  112   67  141   70  151  111  156
000753.jpg 70  114  109  109   76  129   70  155  103  150
000754.jpg 67  111  109  113   81  143   70  150  108  151
000755.jpg 71  111  106  110   89  134   72  155  104  153
000756.jpg 69  111  108  111   83  132   69  151  108  153
000757.jpg 73  109  103  110  102  128   75  157  102  155
000758.jpg 70  112  108  110   84  131   75  154  100  151
000759.jpg 68  112  109  111   90  137   65  151  111  151
000760.jpg 70  110  106  111   81  138   72  152  106  154
000761.jpg 67  112  110  112   86  134   69  150  108  151
000762.jpg 69  111  108  112   88  139   72  152  105  152
000763.jpg 67  112  110  112   87  145   65  150  111  150
000764.jpg 68  111  109  113   84  141   70  151  109  151
000765.jpg 68  113  110  111   90  138   73  152  102  150
000766.jpg 70  109  106  112  100  133   76  152  103  154
000767.jpg 68  112  109  112   94  136   70  151  107  151
000768.jpg 69  111  107  112   85  142   72  150  106  154
000769.jpg 70  113  108  109   80  126   71  154  103  151
000770.jpg 70  111  107  111   94  125   77  150  100  154
000771.jpg 72  109  105  111   76  134   72  154  106  155
000772.jpg 70  110  107  111   82  132   75  152  103  154
000773.jpg 69  110  107  112   85  138   73  152  106  152
000774.jpg 69  111  108  112   90  131   72  152  105  151
000775.jpg 68  111  109  112   83  139   67  151  110  151
000776.jpg 69  111  108  112   86  130   71  151  106  152
000777.jpg 71  109  105  111   75  139   74  153  105  155
000778.jpg 71  112  107  109   89  136   73  153  102  154
000779.jpg 69  113  109  110   98  138   68  153  107  149
000780.jpg 69  111  108  112   87  141   71  151  106  152
000781.jpg 68  113  110  111   90  133   69  151  106  150
000782.jpg 71  108  104  113   99  123   79  153  102  156
000783.jpg 70  111  107  111   89  136   72  152  105  153
000784.jpg 69  111  107  111   92  137   70  154  106  150
000785.jpg 71  111  107  110   73  130   70  154  107  152
000786.jpg 69  112  109  111   92  134   73  151  103  152
000787.jpg 68  111  108  112   85  141   68  151  110  152
000788.jpg 67  116  113  110   92  144   63  150  109  147
000789.jpg 69  110  107  112   89  128   72  153  107  152
000790.jpg 68  112  109  112   80  137   66  152  111  151
000791.jpg 70  110  106  111   77  134   69  153  109  154
000792.jpg 70  110  107  111   98  134   73  153  105  153
000793.jpg 71  112  107  110   83  131   74  153  101  154
000794.jpg 68  111  109  113   84  134   69  149  110  153
000795.jpg 68  112  109  112   84  138   71  151  106  150
000796.jpg 68  111  108  112   86  139   70  151  108  152
000797.jpg 69  112  108  111   88  135   71  151  106  152
000798.jpg 69  111  108  112   89  139   71  151  106  152
000799.jpg 70  111  107  111   78  133   71  151  106  154
000800.jpg 69  112  108  111   88  140   70  151  107  152
000801.jpg 69  111  107  112   90  131   71  152  106  152
000802.jpg 71  114  109  108   99  136   67  155  105  149
000803.jpg 69  111  107  111   92  138   73  152  104  152
000804.jpg 67  112  110  112   84  142   66  149  111  151
000805.jpg 72  110  105  110   78  133   78  152   99  157
000806.jpg 69  111  107  111   89  134   73  153  104  151
000807.jpg 70  111  107  111   88  131   75  153  101  153
000808.jpg 72  110  105  110   88  132   73  154  104  154
000809.jpg 70  111  107  111   88  133   73  152  104  153
000810.jpg 71  111  107  110  101  130   69  155  107  152
000811.jpg 70  112  107  110   80  131   73  152  103  153
000812.jpg 69  111  108  112   86  139   74  151  104  152
000813.jpg 69  111  107  112   91  134   74  152  104  152
000814.jpg 67  111  110  113   85  144   68  150  111  150
000815.jpg 76  110  102  107   72  132   74  155  101  160
000816.jpg 69  111  108  112   87  136   65  153  112  151
000817.jpg 69  111  108  111   99  132   70  153  107  150
000818.jpg 70  108  104  113   67  139   71  152  111  156
000819.jpg 69  110  107  112   80  139   70  151  108  154
000820.jpg 70  108  105  113   74  129   75  155  106  152
000821.jpg 69  111  108  111   87  129   71  152  106  152
000822.jpg 69  111  107  111   78  136   69  152  108  152
000823.jpg 68  111  108  112   96  128   67  150  111  152
000824.jpg 68  109  107  114   73  142   74  150  108  153
000825.jpg 68  111  109  112   90  134   68  152  110  150
000826.jpg 69  112  108  111   84  141   71  151  105  152
000827.jpg 71  110  106  110   91  132   73  154  104  154
000828.jpg 70  111  107  111   98  133   72  153  105  153
000829.jpg 69  111  108  112   77  138   73  150  105  153
000830.jpg 70  111  107  111   88  135   73  152  104  153
000831.jpg 67  113  111  112   94  138   62  150  114  149
000832.jpg 69  111  108  111   85  134   75  151  102  152
000833.jpg 76  111  103  106   70  127   75  158   98  157
000834.jpg 69  110  106  112   79  136   73  152  106  154
000835.jpg 69  112  108  111   83  135   71  151  105  153
000836.jpg 68  112  109  112   85  132   68  151  109  151
000837.jpg 68  110  108  113   80  139   72  150  108  153
000838.jpg 68  112  109  112   81  145   67  146  111  155
000839.jpg 69  111  108  111   90  131   70  153  107  152
000840.jpg 70  110  106  111   99  137   74  155  104  152
000841.jpg 68  111  108  112   89  142   71  151  106  152
000842.jpg 69  111  108  111   98  135   73  153  103  151
000843.jpg 72  112  107  108   76  128   73  156  100  152
000844.jpg 71  112  107  110   88  133   71  152  104  154
000845.jpg 70  111  107  111   90  129   74  153  103  153
000846.jpg 70  111  107  111   82  135   70  154  107  152
000847.jpg 70  110  107  111   93  132   75  153  103  153
000848.jpg 73  110  104  109   86  133   77  156   99  156
000849.jpg 68  112  109  112   90  139   67  150  110  151
000850.jpg 69  112  109  111   93  132   70  152  106  150
000851.jpg 69  111  108  111   89  134   69  151  108  152
000852.jpg 73  109  104  110   73  133   71  154  106  157
000853.jpg 71  111  106  110   87  137   74  154  102  154
000854.jpg 68  110  108  113   82  140   73  149  106  154
000855.jpg 70  111  107  111   87  136   73  153  103  152
000856.jpg 68  111  109  112   89  133   72  151  106  151
000857.jpg 69  111  108  111   91  132   68  151  108  153
000858.jpg 69  111  108  111   88  133   73  152  104  152
000859.jpg 69  110  107  112   91  132   72  153  106  151
000860.jpg 70  111  107  111   91  134   75  152  102  153
000861.jpg 71  111  107  110   94  138   72  154  104  152
000862.jpg 70  111  107  110   82  133   74  153  102  153
000863.jpg 69  111  108  111   93  140   71  151  106  153
000864.jpg 67  113  111  111   92  141   65  151  110  148
000865.jpg 67  112  110  112   88  135   67  151  110  150
000866.jpg 69  111  108  111   90  129   74  151  104  152
000867.jpg 69  111  107  112   88  132   73  153  105  151
000868.jpg 71  111  107  110   82  134   74  154  101  153
000869.jpg 68  113  110  111   81  119   68  152  108  149
000870.jpg 67  110  108  114   98  125   75  149  106  153
000871.jpg 70  111  107  111   87  129   75  152  102  152
000872.jpg 67  112  110  112   89  135   67  150  110  151
000873.jpg 71  112  108  110   83  123   71  154  104  152
000874.jpg 66  112  110  113   89  141   68  150  110  149
000875.jpg 69  112  108  111   87  142   67  151  109  152
000876.jpg 68  112  109  112   91  139   69  151  108  151
000877.jpg 68  112  109  112   94  139   70  151  107  150
000878.jpg 71  111  107  110  102  138   71  155  105  152
000879.jpg 69  111  108  112   87  136   71  151  107  152
000880.jpg 69  112  108  111   92  141   70  153  105  150
000881.jpg 67  118  115  108   74  117   66  150  101  146
000882.jpg 69  112  108  111   88  134   74  151  103  152
000883.jpg 68  112  110  112   92  140   65  150  111  150
000884.jpg 68  111  109  112   88  135   71  153  107  149
000885.jpg 71  110  106  110   88  131   73  154  103  154
000886.jpg 68  112  109  112   81  135   69  150  108  152
000887.jpg 69  114  110  109   80  130   70  153  103  150
000888.jpg 63  112  112  115   90  113   70  145  110  150
000889.jpg 71  111  107  110   78  134   74  153  102  153
000890.jpg 69  111  107  111   97  136   72  152  105  152
000891.jpg 69  112  108  111   93  136   74  152  102  152
000892.jpg 69  111  108  112   84  136   70  152  107  152
000893.jpg 66  112  110  113   88  136   66  150  111  150
000894.jpg 69  111  108  111   90  141   70  151  107  152
000895.jpg 66  112  110  113   84  140   67  149  111  151
000896.jpg 68  111  109  112   84  139   70  151  107  151
000897.jpg 69  111  108  111   90  134   73  152  104  152
000898.jpg 66  113  111  112   85  141   70  149  107  150
000899.jpg 68  112  109  112   91  131   69  150  107  152
000900.jpg 67  111  109  113   88  140   68  150  111  151
000901.jpg 69  111  108  111   80  135   75  150  102  154
000902.jpg 69  111  108  112   87  135   71  152  106  151
000903.jpg 70  111  106  111   81  134   73  153  105  153
000904.jpg 71  112  107  110   83  124   72  154  103  151
000905.jpg 72  111  106  110   91  129   72  153  104  155
000906.jpg 77  110  101  106   73  131   77  160   96  157
000907.jpg 69  111  107  112   89  133   71  152  106  152
000908.jpg 69  111  108  111   88  136   72  151  105  152
000909.jpg 69  111  108  112   83  136   76  152  101  152
000910.jpg 67  112  110  112   89  142   68  150  109  150
000911.jpg 69  112  108  111  100  138   69  152  107  152
000912.jpg 71  109  105  112   74  141   72  153  107  155
000913.jpg 69  111  108  112   88  134   70  152  107  152
000914.jpg 69  112  108  111   91  133   71  151  106  152
000915.jpg 70  110  107  111   87  137   73  152  104  154
000916.jpg 71  112  107  109   75  130   70  153  105  153
000917.jpg 71  109  105  111  101  133   76  156  103  152
000918.jpg 69  111  108  112   92  136   74  152  104  151
000919.jpg 66  113  112  113   90  142   64  149  112  148
000920.jpg 69  111  108  112   80  135   75  151  102  152
000921.jpg 68  111  109  112   85  134   73  151  104  152
000922.jpg 70  111  107  111   78  139   73  151  105  153
000923.jpg 70  110  106  112   91  131   73  152  105  154
000924.jpg 68  112  109  111   91  138   68  152  108  151
000925.jpg 68  112  109  111   88  138   73  150  104  152
000926.jpg 70  109  105  112   83  142   76  153  104  155
000927.jpg 68  112  109  112   85  139   66  151  111  151
000928.jpg 71  111  106  110   88  133   73  153  103  153
000929.jpg 68  112  109  112   88  136   72  152  105  151
000930.jpg 69  112  109  111   91  137   73  151  103  152
000931.jpg 71  111  106  110   78  128   72  152  104  155
000932.jpg 70  111  107  111   88  131   72  152  105  153
000933.jpg 70  111  107  111   89  133   74  153  103  153
000934.jpg 73  109  104  110   99  124   75  155  103  155
000935.jpg 66  112  111  113   88  137   70  151  107  148
000936.jpg 68  112  109  112   82  133   70  150  107  152
000937.jpg 68  111  108  112   84  137   68  151  110  152
000938.jpg 72  111  105  110   83  134   75  154  101  155
000939.jpg 69  111  108  111   92  133   74  152  103  152
000940.jpg 69  111  108  112   78  136   68  152  109  151
000941.jpg 69  111  107  112   85  135   74  152  104  153
000942.jpg 69  112  109  111   80  131   71  152  104  151
000943.jpg 67  112  109  112   84  137   67  150  111  151
000944.jpg 70  111  107  111   84  133   73  152  104  152
000945.jpg 69  111  108  112   88  126   72  152  106  152
000946.jpg 68  111  108  112   89  131   70  151  107  151
000947.jpg 77  110  102  106  108  138   75  160   98  157
000948.jpg 67  114  111  111   98  139   66  151  108  148
000949.jpg 74  109  103  109  104  131   76  158  101  156
000950.jpg 70  111  107  110   81  134   72  153  104  153
000951.jpg 70  110  106  111   96  129   73  153  105  154
000952.jpg 68  112  109  112   93  134   71  151  106  151
000953.jpg 68  109  107  113   81  139   75  151  106  153
000954.jpg 68  113  110  111   88  136   67  153  107  148
000955.jpg 69  111  108  112   89  134   71  151  106  152
000956.jpg 67  112  110  112   85  140   66  150  111  150
000957.jpg 70  112  108  110   80  122   73  154  102  150
000958.jpg 69  111  108  111   91  133   72  152  105  152
000959.jpg 71  111  106  110   86  128   73  153  104  153
000960.jpg 68  111  109  112   91  140   67  152  110  151
000961.jpg 67  111  109  113   83  141   65  149  113  152
000962.jpg 71  111  107  110   85  135   73  153  103  154
000963.jpg 69  113  109  110   94  143   65  153  110  150
000964.jpg 71  111  106  110   98  136   75  153  102  154
000965.jpg 70  111  107  110   85  130   73  152  103  153
000966.jpg 67  112  110  112   88  140   68  150  109  151
000967.jpg 68  111  109  112   84  136   71  151  107  151
000968.jpg 69  112  109  111   92  138   67  151  109  151
000969.jpg 70  111  107  111   93  137   75  153  102  153
000970.jpg 70  111  107  111   78  134   68  152  109  153
000971.jpg 68  112  109  112   92  141   69  151  108  151
000972.jpg 71  110  106  111   77  138   74  152  104  155
000973.jpg 68  112  109  112   82  137   68  152  108  150
000974.jpg 69  113  109  111   84  130   69  152  106  150
000975.jpg 71  111  107  110   88  132   73  153  104  153
000976.jpg 69  111  108  111   86  135   74  152  103  152
000977.jpg 71  111  106  111   87  132   73  153  103  154
000978.jpg 71  110  106  110   94  135   75  155  102  153
000979.jpg 70  111  107  110   98  140   73  153  103  152
000980.jpg 72  112  107  109   76  133   73  154  101  153
000981.jpg 66  108  108  116   74  141   72  147  112  154
000982.jpg 71  109  105  112   77  142   75  153  104  155
000983.jpg 80  106   97  106   69  131   83  164   94  160
000984.jpg 68  111  109  112   83  134   68  150  110  152
000985.jpg 71  110  106  111  102  132   76  154  102  154
000986.jpg 67  111  109  113   78  140   69  148  109  153
000987.jpg 72  110  106  110   84  133   73  155  103  154
000988.jpg 69  112  109  111   92  135   72  151  104  152
000989.jpg 69  111  108  111   88  137   72  152  105  152
000990.jpg 68  111  108  112   91  134   73  151  106  152
000991.jpg 69  112  109  111   92  138   69  152  107  151
000992.jpg 70  110  106  111   89  140   72  153  105  154
000993.jpg 71  111  106  110   95  139   72  154  104  153
000994.jpg 71  111  106  110   81  134   76  153  101  154
000995.jpg 70  112  108  110   77  135   74  153  101  152
000996.jpg 69  111  108  111   94  134   67  152  110  152
000997.jpg 68  112  109  112   89  136   70  151  107  151
000998.jpg 70  111  107  111   87  131   75  153  102  152
000999.jpg 71  111  107  110   82  131   73  154  103  153
001000.jpg 67  111  109  113   82  139   70  152  108  150